
Generation: 0
Best Individual:
Subpopulation 0:
Evaluated: true
Fitness: Standardized=9.423717271861143 Adjusted=0.09593506557391988 Hits=265
Tree 0:
x - y(0.18, 0.53, 0.24, 0.06 |0.47)

Generation: 1
Best Individual:
Subpopulation 0:
Evaluated: true
Fitness: Standardized=6.844082541540114E-4 Adjusted=0.9993160598401368 Hits=352
Tree 0:
(y + x)(0.37, 0.05, 0.37, 0.21 |0.63) + (x * x)(0.37, 0.16, 0.21, 0.26 |0.63)(0.22, 0.28, 0.17, 0.33 |1.93)

Generation: 2
Best Individual:
Subpopulation 0:
Evaluated: true
Fitness: Standardized=3.9298073432815554E-4 Adjusted=0.9996071736388638 Hits=208
Tree 0:
y + (((x * x)(0.36, 0.23, 0.18, 0.23 |0.64) * (x * y)(0.24, 0.24, 0.24, 0.29 |0.71))(0.28, 0.2, 0.28, 0.24 |2.07) + ((x - x)(0.23, 0.23, 0.18, 0.36 |0.64) + (x - y)(0.29, 0.29, 0.19, 0.24 |0.71))(0.24, 0.14, 0.33, 0.29 |2.09))(0.3, 0.3, 0.2, 0.2 |4.86)(0.32, 0.21, 0.32, 0.16 |1.33)

Generation: 3
Best Individual:
Subpopulation 0:
Evaluated: true
Fitness: Standardized=2.431584019833444E-4 Adjusted=0.9997569007096516 Hits=252
Tree 0:
(y / (x * x)(0.27, 0.27, 0.18, 0.27 |0.73))(0.12, 0.35, 0.29, 0.24 |1.37) + (x - y)(0.32, 0.14, 0.27, 0.27 |0.68)(0.26, 0.26, 0.21, 0.26 |2.02)

Generation: 4
Best Individual:
Subpopulation 0:
Evaluated: true
Fitness: Standardized=1.9535278032599133E-4 Adjusted=0.9998046853749291 Hits=125
Tree 0:
(((y - x)(0.1, 0.29, 0.29, 0.33 |0.67) * (x + x)(0.36, 0.32, 0.18, 0.14 |0.64))(0.38, 0.12, 0.31, 0.19 |1.93) * (y * y)(0.35, 0.17, 0.35, 0.13 |0.65))(0.21, 0.32, 0.21, 0.26 |1.96) - (x * y)(0.32, 0.14, 0.27, 0.27 |0.68)(0.26, 0.26, 0.21, 0.26 |2.02)

Generation: 5
Best Individual:
Subpopulation 0:
Evaluated: true
Fitness: Standardized=9.32936421323389E-5 Adjusted=0.9999067150607595 Hits=254
Tree 0:
(y / x)(0.37, 0.05, 0.37, 0.21 |0.63) / ((y * x)(0.19, 0.19, 0.38, 0.25 |0.62) - (x - y)(0.32, 0.14, 0.27, 0.27 |0.68))(0.32, 0.32, 0.21, 0.16 |1.98)(0.22, 0.28, 0.17, 0.33 |1.93)

Generation: 6
Best Individual:
Subpopulation 0:
Evaluated: true
Fitness: Standardized=1.3995878275562272E-4 Adjusted=0.9998600608029642 Hits=240
Tree 0:
((y + x)(0.35, 0.25, 0.25, 0.15 |0.65) / (y * (((y * x)(0.1, 0.29, 0.29, 0.33 |0.67) / (x / x)(0.18, 0.24, 0.29, 0.29 |0.71))(0.38, 0.12, 0.31, 0.19 |1.93) - (x / y)(0.33, 0.06, 0.17, 0.44 |0.56))(0.2, 0.35, 0.25, 0.2 |1.93))(0.19, 0.24, 0.33, 0.24 |1.27))(0.18, 0.18, 0.29, 0.35 |1.92) * y(0.29, 0.33, 0.19, 0.19 |1.33)

Generation: 7
Best Individual:
Subpopulation 0:
Evaluated: true
Fitness: Standardized=1.0496732399369182E-4 Adjusted=0.999895043692989 Hits=163
Tree 0:
y / (x + ((x / x)(0.41, 0.18, 0.23, 0.18 |0.59) / (y / (x / y)(0.21, 0.25, 0.21, 0.33 |0.67))(0.2, 0.2, 0.25, 0.35 |1.32))(0.35, 0.29, 0.06, 0.29 |2))(0.39, 0.22, 0.17, 0.22 |1.99)(0.32, 0.21, 0.32, 0.16 |1.33)

Generation: 8
Best Individual:
Subpopulation 0:
Evaluated: true
Fitness: Standardized=1.0496732399369182E-4 Adjusted=0.999895043692989 Hits=163
Tree 0:
y / (x + ((x / x)(0.41, 0.18, 0.23, 0.18 |0.59) / (y / (x / y)(0.21, 0.25, 0.21, 0.33 |0.67))(0.2, 0.2, 0.25, 0.35 |1.32))(0.35, 0.29, 0.06, 0.29 |2))(0.39, 0.22, 0.17, 0.22 |1.99)(0.32, 0.21, 0.32, 0.16 |1.33)

Generation: 9
Best Individual:
Subpopulation 0:
Evaluated: true
Fitness: Standardized=9.77939420428299E-5 Adjusted=0.9999022156206772 Hits=265
Tree 0:
y * (x - (y + ((x - y)(0.28, 0.33, 0.22, 0.17 |0.67) - x)(0.35, 0.3, 0.17, 0.17 |2.01))(0.24, 0.18, 0.18, 0.41 |1.27))(0.39, 0.22, 0.17, 0.22 |1.99)(0.32, 0.21, 0.32, 0.16 |1.33)

Generation: 10
Best Individual:
Subpopulation 0:
Evaluated: true
Fitness: Standardized=9.77939420428299E-5 Adjusted=0.9999022156206772 Hits=265
Tree 0:
y * (x - (y + ((x - y)(0.28, 0.33, 0.22, 0.17 |0.67) - x)(0.35, 0.3, 0.17, 0.17 |2.01))(0.24, 0.18, 0.18, 0.41 |1.27))(0.39, 0.22, 0.17, 0.22 |1.99)(0.32, 0.21, 0.32, 0.16 |1.33)

Generation: 11
Best Individual:
Subpopulation 0:
Evaluated: true
Fitness: Standardized=1.5906036660153334E-5 Adjusted=0.9999840942163377 Hits=176
Tree 0:
y + (y - (x / (x + x)(0.17, 0.22, 0.26, 0.35 |0.65))(0.39, 0.22, 0.17, 0.22 |1.99))(0.32, 0.21, 0.32, 0.16 |1.33)(0.32, 0.21, 0.32, 0.16 |1.33)

Generation: 12
Best Individual:
Subpopulation 0:
Evaluated: true
Fitness: Standardized=1.5906036660153334E-5 Adjusted=0.9999840942163377 Hits=176
Tree 0:
y + (y - (x / (x + x)(0.17, 0.22, 0.26, 0.35 |0.65))(0.39, 0.22, 0.17, 0.22 |1.99))(0.32, 0.21, 0.32, 0.16 |1.33)(0.32, 0.21, 0.32, 0.16 |1.33)

Generation: 13
Best Individual:
Subpopulation 0:
Evaluated: true
Fitness: Standardized=1.5906036660153334E-5 Adjusted=0.9999840942163377 Hits=176
Tree 0:
y + (y - (x / (x + x)(0.17, 0.22, 0.26, 0.35 |0.65))(0.39, 0.22, 0.17, 0.22 |1.99))(0.32, 0.21, 0.32, 0.16 |1.33)(0.32, 0.21, 0.32, 0.16 |1.33)

Generation: 14
Best Individual:
Subpopulation 0:
Evaluated: true
Fitness: Standardized=1.5176323709967469E-5 Adjusted=0.9999848239066074 Hits=382
Tree 0:
y / (x / ((x + x)(0.41, 0.18, 0.23, 0.18 |0.59) / (x + x)(0.23, 0.23, 0.18, 0.36 |0.64))(0.35, 0.29, 0.06, 0.29 |2))(0.39, 0.22, 0.17, 0.22 |1.99)(0.32, 0.21, 0.32, 0.16 |1.33)

Generation: 15
Best Individual:
Subpopulation 0:
Evaluated: true
Fitness: Standardized=1.5176323709967469E-5 Adjusted=0.9999848239066074 Hits=382
Tree 0:
y / (x / ((x + x)(0.41, 0.18, 0.23, 0.18 |0.59) / (x + x)(0.23, 0.23, 0.18, 0.36 |0.64))(0.35, 0.29, 0.06, 0.29 |2))(0.39, 0.22, 0.17, 0.22 |1.99)(0.32, 0.21, 0.32, 0.16 |1.33)

Generation: 16
Best Individual:
Subpopulation 0:
Evaluated: true
Fitness: Standardized=1.5176323709967469E-5 Adjusted=0.9999848239066074 Hits=382
Tree 0:
y / (x / ((x + x)(0.41, 0.18, 0.23, 0.18 |0.59) / (x + x)(0.23, 0.23, 0.18, 0.36 |0.64))(0.35, 0.29, 0.06, 0.29 |2))(0.39, 0.22, 0.17, 0.22 |1.99)(0.32, 0.21, 0.32, 0.16 |1.33)

Generation: 17
Best Individual:
Subpopulation 0:
Evaluated: true
Fitness: Standardized=1.5176323709967469E-5 Adjusted=0.9999848239066074 Hits=382
Tree 0:
y / (x / ((x + x)(0.41, 0.18, 0.23, 0.18 |0.59) / (x + x)(0.23, 0.23, 0.18, 0.36 |0.64))(0.35, 0.29, 0.06, 0.29 |2))(0.39, 0.22, 0.17, 0.22 |1.99)(0.32, 0.21, 0.32, 0.16 |1.33)

Generation: 18
Best Individual:
Subpopulation 0:
Evaluated: true
Fitness: Standardized=1.5176323709967469E-5 Adjusted=0.9999848239066074 Hits=382
Tree 0:
y / (x / ((x + x)(0.41, 0.18, 0.23, 0.18 |0.59) / (x + x)(0.23, 0.23, 0.18, 0.36 |0.64))(0.35, 0.29, 0.06, 0.29 |2))(0.39, 0.22, 0.17, 0.22 |1.99)(0.32, 0.21, 0.32, 0.16 |1.33)

Generation: 19
Best Individual:
Subpopulation 0:
Evaluated: true
Fitness: Standardized=1.9696218270198966E-6 Adjusted=0.9999980303820525 Hits=295
Tree 0:
y + (y * (x + (x + x)(0.17, 0.22, 0.26, 0.35 |0.65))(0.39, 0.22, 0.17, 0.22 |1.99))(0.32, 0.21, 0.32, 0.16 |1.33)(0.32, 0.21, 0.32, 0.16 |1.33)

Generation: 20
Best Individual:
Subpopulation 0:
Evaluated: true
Fitness: Standardized=1.9696218270198966E-6 Adjusted=0.9999980303820525 Hits=295
Tree 0:
y + (y * (x + (x + x)(0.17, 0.22, 0.26, 0.35 |0.65))(0.39, 0.22, 0.17, 0.22 |1.99))(0.32, 0.21, 0.32, 0.16 |1.33)(0.32, 0.21, 0.32, 0.16 |1.33)

Generation: 21
Best Individual:
Subpopulation 0:
Evaluated: true
Fitness: Standardized=7.646300654846599E-7 Adjusted=0.9999992353705192 Hits=273
Tree 0:
y * (y - (x + (x / x)(0.17, 0.22, 0.26, 0.35 |0.65))(0.39, 0.22, 0.17, 0.22 |1.99))(0.32, 0.21, 0.32, 0.16 |1.33)(0.32, 0.21, 0.32, 0.16 |1.33)

Generation: 22
Best Individual:
Subpopulation 0:
Evaluated: true
Fitness: Standardized=7.646300654846599E-7 Adjusted=0.9999992353705192 Hits=273
Tree 0:
y * (y - (x + (x / x)(0.17, 0.22, 0.26, 0.35 |0.65))(0.39, 0.22, 0.17, 0.22 |1.99))(0.32, 0.21, 0.32, 0.16 |1.33)(0.32, 0.21, 0.32, 0.16 |1.33)

Generation: 23
Best Individual:
Subpopulation 0:
Evaluated: true
Fitness: Standardized=7.646300654846599E-7 Adjusted=0.9999992353705192 Hits=273
Tree 0:
y * (y - (x + (x / x)(0.17, 0.22, 0.26, 0.35 |0.65))(0.39, 0.22, 0.17, 0.22 |1.99))(0.32, 0.21, 0.32, 0.16 |1.33)(0.32, 0.21, 0.32, 0.16 |1.33)

Generation: 24
Best Individual:
Subpopulation 0:
Evaluated: true
Fitness: Standardized=6.652799594150484E-8 Adjusted=0.9999999334720084 Hits=421
Tree 0:
y - (y + (x + (x + x)(0.17, 0.22, 0.26, 0.35 |0.65))(0.39, 0.22, 0.17, 0.22 |1.99))(0.32, 0.21, 0.32, 0.16 |1.33)(0.32, 0.21, 0.32, 0.16 |1.33)

Generation: 25
Best Individual:
Subpopulation 0:
Evaluated: true
Fitness: Standardized=6.652799594150484E-8 Adjusted=0.9999999334720084 Hits=421
Tree 0:
y - (y + (x + (x + x)(0.17, 0.22, 0.26, 0.35 |0.65))(0.39, 0.22, 0.17, 0.22 |1.99))(0.32, 0.21, 0.32, 0.16 |1.33)(0.32, 0.21, 0.32, 0.16 |1.33)

Generation: 26
Best Individual:
Subpopulation 0:
Evaluated: true
Fitness: Standardized=6.652799594150484E-8 Adjusted=0.9999999334720084 Hits=421
Tree 0:
y - (y + (x + (x + x)(0.17, 0.22, 0.26, 0.35 |0.65))(0.39, 0.22, 0.17, 0.22 |1.99))(0.32, 0.21, 0.32, 0.16 |1.33)(0.32, 0.21, 0.32, 0.16 |1.33)

Generation: 27
Best Individual:
Subpopulation 0:
Evaluated: true
Fitness: Standardized=6.652799594150484E-8 Adjusted=0.9999999334720084 Hits=421
Tree 0:
y - (y + (x + (x + x)(0.17, 0.22, 0.26, 0.35 |0.65))(0.39, 0.22, 0.17, 0.22 |1.99))(0.32, 0.21, 0.32, 0.16 |1.33)(0.32, 0.21, 0.32, 0.16 |1.33)

Generation: 28
Best Individual:
Subpopulation 0:
Evaluated: true
Fitness: Standardized=6.652799594150484E-8 Adjusted=0.9999999334720084 Hits=421
Tree 0:
y - (y + (x + (x + x)(0.17, 0.22, 0.26, 0.35 |0.65))(0.39, 0.22, 0.17, 0.22 |1.99))(0.32, 0.21, 0.32, 0.16 |1.33)(0.32, 0.21, 0.32, 0.16 |1.33)

Generation: 29
Best Individual:
Subpopulation 0:
Evaluated: true
Fitness: Standardized=6.652799594150484E-8 Adjusted=0.9999999334720084 Hits=421
Tree 0:
y - (y + (x + (x + x)(0.17, 0.22, 0.26, 0.35 |0.65))(0.39, 0.22, 0.17, 0.22 |1.99))(0.32, 0.21, 0.32, 0.16 |1.33)(0.32, 0.21, 0.32, 0.16 |1.33)

Generation: 30
Best Individual:
Subpopulation 0:
Evaluated: true
Fitness: Standardized=7.646300654846599E-7 Adjusted=0.9999992353705192 Hits=273
Tree 0:
y * (y - (x + (x / x)(0.17, 0.22, 0.26, 0.35 |0.65))(0.39, 0.22, 0.17, 0.22 |1.99))(0.32, 0.21, 0.32, 0.16 |1.33)(0.32, 0.21, 0.32, 0.16 |1.33)

Generation: 31
Best Individual:
Subpopulation 0:
Evaluated: true
Fitness: Standardized=7.646300654846599E-7 Adjusted=0.9999992353705192 Hits=273
Tree 0:
y * (y - (x + (x / x)(0.17, 0.22, 0.26, 0.35 |0.65))(0.39, 0.22, 0.17, 0.22 |1.99))(0.32, 0.21, 0.32, 0.16 |1.33)(0.32, 0.21, 0.32, 0.16 |1.33)

Generation: 32
Best Individual:
Subpopulation 0:
Evaluated: true
Fitness: Standardized=7.646300654846599E-7 Adjusted=0.9999992353705192 Hits=273
Tree 0:
y * (y - (x + (x / x)(0.17, 0.22, 0.26, 0.35 |0.65))(0.39, 0.22, 0.17, 0.22 |1.99))(0.32, 0.21, 0.32, 0.16 |1.33)(0.32, 0.21, 0.32, 0.16 |1.33)

Generation: 33
Best Individual:
Subpopulation 0:
Evaluated: true
Fitness: Standardized=7.646300654846599E-7 Adjusted=0.9999992353705192 Hits=273
Tree 0:
y * (y - (x + (x / x)(0.17, 0.22, 0.26, 0.35 |0.65))(0.39, 0.22, 0.17, 0.22 |1.99))(0.32, 0.21, 0.32, 0.16 |1.33)(0.32, 0.21, 0.32, 0.16 |1.33)

Generation: 34
Best Individual:
Subpopulation 0:
Evaluated: true
Fitness: Standardized=7.646300654846599E-7 Adjusted=0.9999992353705192 Hits=273
Tree 0:
y * (y - (x + (x / x)(0.17, 0.22, 0.26, 0.35 |0.65))(0.39, 0.22, 0.17, 0.22 |1.99))(0.32, 0.21, 0.32, 0.16 |1.33)(0.32, 0.21, 0.32, 0.16 |1.33)

Generation: 35
Best Individual:
Subpopulation 0:
Evaluated: true
Fitness: Standardized=7.646300654846599E-7 Adjusted=0.9999992353705192 Hits=273
Tree 0:
y * (y - (x + (x / x)(0.17, 0.22, 0.26, 0.35 |0.65))(0.39, 0.22, 0.17, 0.22 |1.99))(0.32, 0.21, 0.32, 0.16 |1.33)(0.32, 0.21, 0.32, 0.16 |1.33)

Generation: 36
Best Individual:
Subpopulation 0:
Evaluated: true
Fitness: Standardized=7.646300654846599E-7 Adjusted=0.9999992353705192 Hits=273
Tree 0:
y * (y - (x + (x / x)(0.17, 0.22, 0.26, 0.35 |0.65))(0.39, 0.22, 0.17, 0.22 |1.99))(0.32, 0.21, 0.32, 0.16 |1.33)(0.32, 0.21, 0.32, 0.16 |1.33)

Generation: 37
Best Individual:
Subpopulation 0:
Evaluated: true
Fitness: Standardized=2.6478176894432815E-7 Adjusted=0.9999997352183011 Hits=360
Tree 0:
y * (y - (x + (x - x)(0.17, 0.22, 0.26, 0.35 |0.65))(0.39, 0.22, 0.17, 0.22 |1.99))(0.32, 0.21, 0.32, 0.16 |1.33)(0.32, 0.21, 0.32, 0.16 |1.33)

Generation: 38
Best Individual:
Subpopulation 0:
Evaluated: true
Fitness: Standardized=2.6478176894432815E-7 Adjusted=0.9999997352183011 Hits=360
Tree 0:
y * (y - (x + (x - x)(0.17, 0.22, 0.26, 0.35 |0.65))(0.39, 0.22, 0.17, 0.22 |1.99))(0.32, 0.21, 0.32, 0.16 |1.33)(0.32, 0.21, 0.32, 0.16 |1.33)

Generation: 39
Best Individual:
Subpopulation 0:
Evaluated: true
Fitness: Standardized=2.6478176894432815E-7 Adjusted=0.9999997352183011 Hits=360
Tree 0:
y * (y - (x + (x - x)(0.17, 0.22, 0.26, 0.35 |0.65))(0.39, 0.22, 0.17, 0.22 |1.99))(0.32, 0.21, 0.32, 0.16 |1.33)(0.32, 0.21, 0.32, 0.16 |1.33)

Generation: 40
Best Individual:
Subpopulation 0:
Evaluated: true
Fitness: Standardized=2.6478176894432815E-7 Adjusted=0.9999997352183011 Hits=360
Tree 0:
y * (y - (x + (x - x)(0.17, 0.22, 0.26, 0.35 |0.65))(0.39, 0.22, 0.17, 0.22 |1.99))(0.32, 0.21, 0.32, 0.16 |1.33)(0.32, 0.21, 0.32, 0.16 |1.33)

Generation: 41
Best Individual:
Subpopulation 0:
Evaluated: true
Fitness: Standardized=2.6478176894432815E-7 Adjusted=0.9999997352183011 Hits=360
Tree 0:
y * (y - (x + (x - x)(0.17, 0.22, 0.26, 0.35 |0.65))(0.39, 0.22, 0.17, 0.22 |1.99))(0.32, 0.21, 0.32, 0.16 |1.33)(0.32, 0.21, 0.32, 0.16 |1.33)

Generation: 42
Best Individual:
Subpopulation 0:
Evaluated: true
Fitness: Standardized=2.6478176894432815E-7 Adjusted=0.9999997352183011 Hits=360
Tree 0:
y * (y - (x + (x - x)(0.17, 0.22, 0.26, 0.35 |0.65))(0.39, 0.22, 0.17, 0.22 |1.99))(0.32, 0.21, 0.32, 0.16 |1.33)(0.32, 0.21, 0.32, 0.16 |1.33)

Generation: 43
Best Individual:
Subpopulation 0:
Evaluated: true
Fitness: Standardized=2.6478176894432815E-7 Adjusted=0.9999997352183011 Hits=360
Tree 0:
y * (y - (x + (x - x)(0.17, 0.22, 0.26, 0.35 |0.65))(0.39, 0.22, 0.17, 0.22 |1.99))(0.32, 0.21, 0.32, 0.16 |1.33)(0.32, 0.21, 0.32, 0.16 |1.33)

Generation: 44
Best Individual:
Subpopulation 0:
Evaluated: true
Fitness: Standardized=2.2847461211685884E-7 Adjusted=0.9999997715254401 Hits=292
Tree 0:
y + (y - (x / (x * x)(0.17, 0.22, 0.26, 0.35 |0.65))(0.39, 0.22, 0.17, 0.22 |1.99))(0.32, 0.21, 0.32, 0.16 |1.33)(0.32, 0.21, 0.32, 0.16 |1.33)

Generation: 45
Best Individual:
Subpopulation 0:
Evaluated: true
Fitness: Standardized=2.2847461211685884E-7 Adjusted=0.9999997715254401 Hits=292
Tree 0:
y + (y - (x / (x * x)(0.17, 0.22, 0.26, 0.35 |0.65))(0.39, 0.22, 0.17, 0.22 |1.99))(0.32, 0.21, 0.32, 0.16 |1.33)(0.32, 0.21, 0.32, 0.16 |1.33)

Generation: 46
Best Individual:
Subpopulation 0:
Evaluated: true
Fitness: Standardized=2.2847461211685884E-7 Adjusted=0.9999997715254401 Hits=292
Tree 0:
y + (y - (x / (x * x)(0.17, 0.22, 0.26, 0.35 |0.65))(0.39, 0.22, 0.17, 0.22 |1.99))(0.32, 0.21, 0.32, 0.16 |1.33)(0.32, 0.21, 0.32, 0.16 |1.33)

Generation: 47
Best Individual:
Subpopulation 0:
Evaluated: true
Fitness: Standardized=2.2847461211685884E-7 Adjusted=0.9999997715254401 Hits=292
Tree 0:
y + (y - (x / (x * x)(0.17, 0.22, 0.26, 0.35 |0.65))(0.39, 0.22, 0.17, 0.22 |1.99))(0.32, 0.21, 0.32, 0.16 |1.33)(0.32, 0.21, 0.32, 0.16 |1.33)

Generation: 48
Best Individual:
Subpopulation 0:
Evaluated: true
Fitness: Standardized=2.2847461211685884E-7 Adjusted=0.9999997715254401 Hits=292
Tree 0:
y + (y - (x / (x * x)(0.17, 0.22, 0.26, 0.35 |0.65))(0.39, 0.22, 0.17, 0.22 |1.99))(0.32, 0.21, 0.32, 0.16 |1.33)(0.32, 0.21, 0.32, 0.16 |1.33)

Generation: 49
Best Individual:
Subpopulation 0:
Evaluated: true
Fitness: Standardized=2.2847461211685884E-7 Adjusted=0.9999997715254401 Hits=292
Tree 0:
y + (y - (x / (x * x)(0.17, 0.22, 0.26, 0.35 |0.65))(0.39, 0.22, 0.17, 0.22 |1.99))(0.32, 0.21, 0.32, 0.16 |1.33)(0.32, 0.21, 0.32, 0.16 |1.33)

Generation: 50
Best Individual:
Subpopulation 0:
Evaluated: true
Fitness: Standardized=2.2847461211685884E-7 Adjusted=0.9999997715254401 Hits=292
Tree 0:
y + (y - (x / (x * x)(0.17, 0.22, 0.26, 0.35 |0.65))(0.39, 0.22, 0.17, 0.22 |1.99))(0.32, 0.21, 0.32, 0.16 |1.33)(0.32, 0.21, 0.32, 0.16 |1.33)

Generation: 51
Best Individual:
Subpopulation 0:
Evaluated: true
Fitness: Standardized=2.2847461211685884E-7 Adjusted=0.9999997715254401 Hits=292
Tree 0:
y + (y - (x / (x * x)(0.17, 0.22, 0.26, 0.35 |0.65))(0.39, 0.22, 0.17, 0.22 |1.99))(0.32, 0.21, 0.32, 0.16 |1.33)(0.32, 0.21, 0.32, 0.16 |1.33)

Generation: 52
Best Individual:
Subpopulation 0:
Evaluated: true
Fitness: Standardized=2.2847461211685884E-7 Adjusted=0.9999997715254401 Hits=292
Tree 0:
y + (y - (x / (x * x)(0.17, 0.22, 0.26, 0.35 |0.65))(0.39, 0.22, 0.17, 0.22 |1.99))(0.32, 0.21, 0.32, 0.16 |1.33)(0.32, 0.21, 0.32, 0.16 |1.33)

Generation: 53
Best Individual:
Subpopulation 0:
Evaluated: true
Fitness: Standardized=2.2847461211685884E-7 Adjusted=0.9999997715254401 Hits=292
Tree 0:
y + (y - (x / (x * x)(0.17, 0.22, 0.26, 0.35 |0.65))(0.39, 0.22, 0.17, 0.22 |1.99))(0.32, 0.21, 0.32, 0.16 |1.33)(0.32, 0.21, 0.32, 0.16 |1.33)

Generation: 54
Best Individual:
Subpopulation 0:
Evaluated: true
Fitness: Standardized=2.2847461211685884E-7 Adjusted=0.9999997715254401 Hits=292
Tree 0:
y + (y - (x / (x * x)(0.17, 0.22, 0.26, 0.35 |0.65))(0.39, 0.22, 0.17, 0.22 |1.99))(0.32, 0.21, 0.32, 0.16 |1.33)(0.32, 0.21, 0.32, 0.16 |1.33)

Generation: 55
Best Individual:
Subpopulation 0:
Evaluated: true
Fitness: Standardized=2.2847461211685884E-7 Adjusted=0.9999997715254401 Hits=292
Tree 0:
y + (y - (x / (x * x)(0.17, 0.22, 0.26, 0.35 |0.65))(0.39, 0.22, 0.17, 0.22 |1.99))(0.32, 0.21, 0.32, 0.16 |1.33)(0.32, 0.21, 0.32, 0.16 |1.33)

Generation: 56
Best Individual:
Subpopulation 0:
Evaluated: true
Fitness: Standardized=2.2847461211685884E-7 Adjusted=0.9999997715254401 Hits=292
Tree 0:
y + (y - (x / (x * x)(0.17, 0.22, 0.26, 0.35 |0.65))(0.39, 0.22, 0.17, 0.22 |1.99))(0.32, 0.21, 0.32, 0.16 |1.33)(0.32, 0.21, 0.32, 0.16 |1.33)

Generation: 57
Best Individual:
Subpopulation 0:
Evaluated: true
Fitness: Standardized=2.2847461211685884E-7 Adjusted=0.9999997715254401 Hits=292
Tree 0:
y + (y - (x / (x * x)(0.17, 0.22, 0.26, 0.35 |0.65))(0.39, 0.22, 0.17, 0.22 |1.99))(0.32, 0.21, 0.32, 0.16 |1.33)(0.32, 0.21, 0.32, 0.16 |1.33)

Generation: 58
Best Individual:
Subpopulation 0:
Evaluated: true
Fitness: Standardized=2.2847461211685884E-7 Adjusted=0.9999997715254401 Hits=292
Tree 0:
y + (y - (x / (x * x)(0.17, 0.22, 0.26, 0.35 |0.65))(0.39, 0.22, 0.17, 0.22 |1.99))(0.32, 0.21, 0.32, 0.16 |1.33)(0.32, 0.21, 0.32, 0.16 |1.33)

Generation: 59
Best Individual:
Subpopulation 0:
Evaluated: true
Fitness: Standardized=2.2847461211685884E-7 Adjusted=0.9999997715254401 Hits=292
Tree 0:
y + (y - (x / (x * x)(0.17, 0.22, 0.26, 0.35 |0.65))(0.39, 0.22, 0.17, 0.22 |1.99))(0.32, 0.21, 0.32, 0.16 |1.33)(0.32, 0.21, 0.32, 0.16 |1.33)

Generation: 60
Best Individual:
Subpopulation 0:
Evaluated: true
Fitness: Standardized=2.2847461211685884E-7 Adjusted=0.9999997715254401 Hits=292
Tree 0:
y + (y - (x / (x * x)(0.17, 0.22, 0.26, 0.35 |0.65))(0.39, 0.22, 0.17, 0.22 |1.99))(0.32, 0.21, 0.32, 0.16 |1.33)(0.32, 0.21, 0.32, 0.16 |1.33)

Generation: 61
Best Individual:
Subpopulation 0:
Evaluated: true
Fitness: Standardized=2.2847461211685884E-7 Adjusted=0.9999997715254401 Hits=292
Tree 0:
y + (y - (x / (x * x)(0.17, 0.22, 0.26, 0.35 |0.65))(0.39, 0.22, 0.17, 0.22 |1.99))(0.32, 0.21, 0.32, 0.16 |1.33)(0.32, 0.21, 0.32, 0.16 |1.33)

Generation: 62
Best Individual:
Subpopulation 0:
Evaluated: true
Fitness: Standardized=2.2847461211685884E-7 Adjusted=0.9999997715254401 Hits=292
Tree 0:
y + (y - (x / (x * x)(0.17, 0.22, 0.26, 0.35 |0.65))(0.39, 0.22, 0.17, 0.22 |1.99))(0.32, 0.21, 0.32, 0.16 |1.33)(0.32, 0.21, 0.32, 0.16 |1.33)

Generation: 63
Best Individual:
Subpopulation 0:
Evaluated: true
Fitness: Standardized=1.2903964484200618E-7 Adjusted=0.9999998709603719 Hits=259
Tree 0:
y * (y + (x * (x * x)(0.17, 0.22, 0.26, 0.35 |0.65))(0.39, 0.22, 0.17, 0.22 |1.99))(0.32, 0.21, 0.32, 0.16 |1.33)(0.32, 0.21, 0.32, 0.16 |1.33)

Generation: 64
Best Individual:
Subpopulation 0:
Evaluated: true
Fitness: Standardized=1.2903964484200618E-7 Adjusted=0.9999998709603719 Hits=259
Tree 0:
y * (y + (x * (x * x)(0.17, 0.22, 0.26, 0.35 |0.65))(0.39, 0.22, 0.17, 0.22 |1.99))(0.32, 0.21, 0.32, 0.16 |1.33)(0.32, 0.21, 0.32, 0.16 |1.33)

Generation: 65
Best Individual:
Subpopulation 0:
Evaluated: true
Fitness: Standardized=1.2903964484200618E-7 Adjusted=0.9999998709603719 Hits=259
Tree 0:
y * (y + (x * (x * x)(0.17, 0.22, 0.26, 0.35 |0.65))(0.39, 0.22, 0.17, 0.22 |1.99))(0.32, 0.21, 0.32, 0.16 |1.33)(0.32, 0.21, 0.32, 0.16 |1.33)

Generation: 66
Best Individual:
Subpopulation 0:
Evaluated: true
Fitness: Standardized=1.2903964484200618E-7 Adjusted=0.9999998709603719 Hits=259
Tree 0:
y * (y + (x * (x * x)(0.17, 0.22, 0.26, 0.35 |0.65))(0.39, 0.22, 0.17, 0.22 |1.99))(0.32, 0.21, 0.32, 0.16 |1.33)(0.32, 0.21, 0.32, 0.16 |1.33)

Generation: 67
Best Individual:
Subpopulation 0:
Evaluated: true
Fitness: Standardized=1.2903964484200618E-7 Adjusted=0.9999998709603719 Hits=259
Tree 0:
y * (y + (x * (x * x)(0.17, 0.22, 0.26, 0.35 |0.65))(0.39, 0.22, 0.17, 0.22 |1.99))(0.32, 0.21, 0.32, 0.16 |1.33)(0.32, 0.21, 0.32, 0.16 |1.33)

Generation: 68
Best Individual:
Subpopulation 0:
Evaluated: true
Fitness: Standardized=1.2903964484200618E-7 Adjusted=0.9999998709603719 Hits=259
Tree 0:
y * (y + (x * (x * x)(0.17, 0.22, 0.26, 0.35 |0.65))(0.39, 0.22, 0.17, 0.22 |1.99))(0.32, 0.21, 0.32, 0.16 |1.33)(0.32, 0.21, 0.32, 0.16 |1.33)

Generation: 69
Best Individual:
Subpopulation 0:
Evaluated: true
Fitness: Standardized=1.2903964484200618E-7 Adjusted=0.9999998709603719 Hits=259
Tree 0:
y * (y + (x * (x * x)(0.17, 0.22, 0.26, 0.35 |0.65))(0.39, 0.22, 0.17, 0.22 |1.99))(0.32, 0.21, 0.32, 0.16 |1.33)(0.32, 0.21, 0.32, 0.16 |1.33)

Generation: 70
Best Individual:
Subpopulation 0:
Evaluated: true
Fitness: Standardized=1.2903964484200618E-7 Adjusted=0.9999998709603719 Hits=259
Tree 0:
y * (y + (x * (x * x)(0.17, 0.22, 0.26, 0.35 |0.65))(0.39, 0.22, 0.17, 0.22 |1.99))(0.32, 0.21, 0.32, 0.16 |1.33)(0.32, 0.21, 0.32, 0.16 |1.33)

Generation: 71
Best Individual:
Subpopulation 0:
Evaluated: true
Fitness: Standardized=1.2903964484200618E-7 Adjusted=0.9999998709603719 Hits=259
Tree 0:
y * (y + (x * (x * x)(0.17, 0.22, 0.26, 0.35 |0.65))(0.39, 0.22, 0.17, 0.22 |1.99))(0.32, 0.21, 0.32, 0.16 |1.33)(0.32, 0.21, 0.32, 0.16 |1.33)

Generation: 72
Best Individual:
Subpopulation 0:
Evaluated: true
Fitness: Standardized=1.2903964484200618E-7 Adjusted=0.9999998709603719 Hits=259
Tree 0:
y * (y + (x * (x * x)(0.17, 0.22, 0.26, 0.35 |0.65))(0.39, 0.22, 0.17, 0.22 |1.99))(0.32, 0.21, 0.32, 0.16 |1.33)(0.32, 0.21, 0.32, 0.16 |1.33)

Generation: 73
Best Individual:
Subpopulation 0:
Evaluated: true
Fitness: Standardized=1.2903964484200618E-7 Adjusted=0.9999998709603719 Hits=259
Tree 0:
y * (y + (x * (x * x)(0.17, 0.22, 0.26, 0.35 |0.65))(0.39, 0.22, 0.17, 0.22 |1.99))(0.32, 0.21, 0.32, 0.16 |1.33)(0.32, 0.21, 0.32, 0.16 |1.33)

Generation: 74
Best Individual:
Subpopulation 0:
Evaluated: true
Fitness: Standardized=1.2903964484200618E-7 Adjusted=0.9999998709603719 Hits=259
Tree 0:
y * (y + (x * (x * x)(0.17, 0.22, 0.26, 0.35 |0.65))(0.39, 0.22, 0.17, 0.22 |1.99))(0.32, 0.21, 0.32, 0.16 |1.33)(0.32, 0.21, 0.32, 0.16 |1.33)

Generation: 75
Best Individual:
Subpopulation 0:
Evaluated: true
Fitness: Standardized=1.2903964484200618E-7 Adjusted=0.9999998709603719 Hits=259
Tree 0:
y * (y + (x * (x * x)(0.17, 0.22, 0.26, 0.35 |0.65))(0.39, 0.22, 0.17, 0.22 |1.99))(0.32, 0.21, 0.32, 0.16 |1.33)(0.32, 0.21, 0.32, 0.16 |1.33)

Generation: 76
Best Individual:
Subpopulation 0:
Evaluated: true
Fitness: Standardized=1.2903964484200618E-7 Adjusted=0.9999998709603719 Hits=259
Tree 0:
y * (y + (x * (x * x)(0.17, 0.22, 0.26, 0.35 |0.65))(0.39, 0.22, 0.17, 0.22 |1.99))(0.32, 0.21, 0.32, 0.16 |1.33)(0.32, 0.21, 0.32, 0.16 |1.33)

Generation: 77
Best Individual:
Subpopulation 0:
Evaluated: true
Fitness: Standardized=1.2903964484200618E-7 Adjusted=0.9999998709603719 Hits=259
Tree 0:
y * (y + (x * (x * x)(0.17, 0.22, 0.26, 0.35 |0.65))(0.39, 0.22, 0.17, 0.22 |1.99))(0.32, 0.21, 0.32, 0.16 |1.33)(0.32, 0.21, 0.32, 0.16 |1.33)

Generation: 78
Best Individual:
Subpopulation 0:
Evaluated: true
Fitness: Standardized=4.726255049644114E-8 Adjusted=0.9999999527374517 Hits=190
Tree 0:
y + (y + (x + (x + x)(0.17, 0.22, 0.26, 0.35 |0.65))(0.39, 0.22, 0.17, 0.22 |1.99))(0.32, 0.21, 0.32, 0.16 |1.33)(0.32, 0.21, 0.32, 0.16 |1.33)

Generation: 79
Best Individual:
Subpopulation 0:
Evaluated: true
Fitness: Standardized=1.2903964484200618E-7 Adjusted=0.9999998709603719 Hits=259
Tree 0:
y * (y + (x * (x * x)(0.17, 0.22, 0.26, 0.35 |0.65))(0.39, 0.22, 0.17, 0.22 |1.99))(0.32, 0.21, 0.32, 0.16 |1.33)(0.32, 0.21, 0.32, 0.16 |1.33)

Generation: 80
Best Individual:
Subpopulation 0:
Evaluated: true
Fitness: Standardized=1.2903964484200618E-7 Adjusted=0.9999998709603719 Hits=259
Tree 0:
y * (y + (x * (x * x)(0.17, 0.22, 0.26, 0.35 |0.65))(0.39, 0.22, 0.17, 0.22 |1.99))(0.32, 0.21, 0.32, 0.16 |1.33)(0.32, 0.21, 0.32, 0.16 |1.33)

Generation: 81
Best Individual:
Subpopulation 0:
Evaluated: true
Fitness: Standardized=1.2903964484200618E-7 Adjusted=0.9999998709603719 Hits=259
Tree 0:
y * (y + (x * (x * x)(0.17, 0.22, 0.26, 0.35 |0.65))(0.39, 0.22, 0.17, 0.22 |1.99))(0.32, 0.21, 0.32, 0.16 |1.33)(0.32, 0.21, 0.32, 0.16 |1.33)

Generation: 82
Best Individual:
Subpopulation 0:
Evaluated: true
Fitness: Standardized=1.2421048273205037E-7 Adjusted=0.9999998757895326 Hits=302
Tree 0:
y + (y - (x + (x / x)(0.17, 0.22, 0.26, 0.35 |0.65))(0.39, 0.22, 0.17, 0.22 |1.99))(0.32, 0.21, 0.32, 0.16 |1.33)(0.32, 0.21, 0.32, 0.16 |1.33)

Generation: 83
Best Individual:
Subpopulation 0:
Evaluated: true
Fitness: Standardized=1.2903964484200618E-7 Adjusted=0.9999998709603719 Hits=259
Tree 0:
y * (y + (x * (x * x)(0.17, 0.22, 0.26, 0.35 |0.65))(0.39, 0.22, 0.17, 0.22 |1.99))(0.32, 0.21, 0.32, 0.16 |1.33)(0.32, 0.21, 0.32, 0.16 |1.33)

Generation: 84
Best Individual:
Subpopulation 0:
Evaluated: true
Fitness: Standardized=1.2903964484200618E-7 Adjusted=0.9999998709603719 Hits=259
Tree 0:
y * (y + (x * (x * x)(0.17, 0.22, 0.26, 0.35 |0.65))(0.39, 0.22, 0.17, 0.22 |1.99))(0.32, 0.21, 0.32, 0.16 |1.33)(0.32, 0.21, 0.32, 0.16 |1.33)

Generation: 85
Best Individual:
Subpopulation 0:
Evaluated: true
Fitness: Standardized=1.2903964484200618E-7 Adjusted=0.9999998709603719 Hits=259
Tree 0:
y * (y + (x * (x * x)(0.17, 0.22, 0.26, 0.35 |0.65))(0.39, 0.22, 0.17, 0.22 |1.99))(0.32, 0.21, 0.32, 0.16 |1.33)(0.32, 0.21, 0.32, 0.16 |1.33)

Generation: 86
Best Individual:
Subpopulation 0:
Evaluated: true
Fitness: Standardized=1.2903964484200618E-7 Adjusted=0.9999998709603719 Hits=259
Tree 0:
y * (y + (x * (x * x)(0.17, 0.22, 0.26, 0.35 |0.65))(0.39, 0.22, 0.17, 0.22 |1.99))(0.32, 0.21, 0.32, 0.16 |1.33)(0.32, 0.21, 0.32, 0.16 |1.33)

Generation: 87
Best Individual:
Subpopulation 0:
Evaluated: true
Fitness: Standardized=1.2903964484200618E-7 Adjusted=0.9999998709603719 Hits=259
Tree 0:
y * (y + (x * (x * x)(0.17, 0.22, 0.26, 0.35 |0.65))(0.39, 0.22, 0.17, 0.22 |1.99))(0.32, 0.21, 0.32, 0.16 |1.33)(0.32, 0.21, 0.32, 0.16 |1.33)

Generation: 88
Best Individual:
Subpopulation 0:
Evaluated: true
Fitness: Standardized=1.2903964484200618E-7 Adjusted=0.9999998709603719 Hits=259
Tree 0:
y * (y + (x * (x * x)(0.17, 0.22, 0.26, 0.35 |0.65))(0.39, 0.22, 0.17, 0.22 |1.99))(0.32, 0.21, 0.32, 0.16 |1.33)(0.32, 0.21, 0.32, 0.16 |1.33)

Generation: 89
Best Individual:
Subpopulation 0:
Evaluated: true
Fitness: Standardized=1.2903964484200618E-7 Adjusted=0.9999998709603719 Hits=259
Tree 0:
y * (y + (x * (x * x)(0.17, 0.22, 0.26, 0.35 |0.65))(0.39, 0.22, 0.17, 0.22 |1.99))(0.32, 0.21, 0.32, 0.16 |1.33)(0.32, 0.21, 0.32, 0.16 |1.33)

Generation: 90
Best Individual:
Subpopulation 0:
Evaluated: true
Fitness: Standardized=1.2903964484200618E-7 Adjusted=0.9999998709603719 Hits=259
Tree 0:
y * (y + (x * (x * x)(0.17, 0.22, 0.26, 0.35 |0.65))(0.39, 0.22, 0.17, 0.22 |1.99))(0.32, 0.21, 0.32, 0.16 |1.33)(0.32, 0.21, 0.32, 0.16 |1.33)

Generation: 91
Best Individual:
Subpopulation 0:
Evaluated: true
Fitness: Standardized=1.2903964484200618E-7 Adjusted=0.9999998709603719 Hits=259
Tree 0:
y * (y + (x * (x * x)(0.17, 0.22, 0.26, 0.35 |0.65))(0.39, 0.22, 0.17, 0.22 |1.99))(0.32, 0.21, 0.32, 0.16 |1.33)(0.32, 0.21, 0.32, 0.16 |1.33)

Generation: 92
Best Individual:
Subpopulation 0:
Evaluated: true
Fitness: Standardized=1.2903964484200618E-7 Adjusted=0.9999998709603719 Hits=259
Tree 0:
y * (y + (x * (x * x)(0.17, 0.22, 0.26, 0.35 |0.65))(0.39, 0.22, 0.17, 0.22 |1.99))(0.32, 0.21, 0.32, 0.16 |1.33)(0.32, 0.21, 0.32, 0.16 |1.33)

Generation: 93
Best Individual:
Subpopulation 0:
Evaluated: true
Fitness: Standardized=1.2903964484200618E-7 Adjusted=0.9999998709603719 Hits=259
Tree 0:
y * (y + (x * (x * x)(0.17, 0.22, 0.26, 0.35 |0.65))(0.39, 0.22, 0.17, 0.22 |1.99))(0.32, 0.21, 0.32, 0.16 |1.33)(0.32, 0.21, 0.32, 0.16 |1.33)

Generation: 94
Best Individual:
Subpopulation 0:
Evaluated: true
Fitness: Standardized=1.2903964484200618E-7 Adjusted=0.9999998709603719 Hits=259
Tree 0:
y * (y + (x * (x * x)(0.17, 0.22, 0.26, 0.35 |0.65))(0.39, 0.22, 0.17, 0.22 |1.99))(0.32, 0.21, 0.32, 0.16 |1.33)(0.32, 0.21, 0.32, 0.16 |1.33)

Generation: 95
Best Individual:
Subpopulation 0:
Evaluated: true
Fitness: Standardized=4.287347345645513E-10 Adjusted=0.9999999995712652 Hits=319
Tree 0:
y + (y * (x + (x / x)(0.17, 0.22, 0.26, 0.35 |0.65))(0.39, 0.22, 0.17, 0.22 |1.99))(0.32, 0.21, 0.32, 0.16 |1.33)(0.32, 0.21, 0.32, 0.16 |1.33)

Generation: 96
Best Individual:
Subpopulation 0:
Evaluated: true
Fitness: Standardized=4.287347345645513E-10 Adjusted=0.9999999995712652 Hits=319
Tree 0:
y + (y * (x + (x / x)(0.17, 0.22, 0.26, 0.35 |0.65))(0.39, 0.22, 0.17, 0.22 |1.99))(0.32, 0.21, 0.32, 0.16 |1.33)(0.32, 0.21, 0.32, 0.16 |1.33)

Generation: 97
Best Individual:
Subpopulation 0:
Evaluated: true
Fitness: Standardized=4.287347345645513E-10 Adjusted=0.9999999995712652 Hits=319
Tree 0:
y + (y * (x + (x / x)(0.17, 0.22, 0.26, 0.35 |0.65))(0.39, 0.22, 0.17, 0.22 |1.99))(0.32, 0.21, 0.32, 0.16 |1.33)(0.32, 0.21, 0.32, 0.16 |1.33)

Generation: 98
Best Individual:
Subpopulation 0:
Evaluated: true
Fitness: Standardized=4.287347345645513E-10 Adjusted=0.9999999995712652 Hits=319
Tree 0:
y + (y * (x + (x / x)(0.17, 0.22, 0.26, 0.35 |0.65))(0.39, 0.22, 0.17, 0.22 |1.99))(0.32, 0.21, 0.32, 0.16 |1.33)(0.32, 0.21, 0.32, 0.16 |1.33)

Generation: 99
Best Individual:
Subpopulation 0:
Evaluated: true
Fitness: Standardized=4.287347345645513E-10 Adjusted=0.9999999995712652 Hits=319
Tree 0:
y + (y * (x + (x / x)(0.17, 0.22, 0.26, 0.35 |0.65))(0.39, 0.22, 0.17, 0.22 |1.99))(0.32, 0.21, 0.32, 0.16 |1.33)(0.32, 0.21, 0.32, 0.16 |1.33)

Generation: 100
Best Individual:
Subpopulation 0:
Evaluated: true
Fitness: Standardized=4.287347345645513E-10 Adjusted=0.9999999995712652 Hits=319
Tree 0:
y + (y * (x + (x / x)(0.17, 0.22, 0.26, 0.35 |0.65))(0.39, 0.22, 0.17, 0.22 |1.99))(0.32, 0.21, 0.32, 0.16 |1.33)(0.32, 0.21, 0.32, 0.16 |1.33)

Generation: 101
Best Individual:
Subpopulation 0:
Evaluated: true
Fitness: Standardized=4.287347345645513E-10 Adjusted=0.9999999995712652 Hits=319
Tree 0:
y + (y * (x + (x / x)(0.17, 0.22, 0.26, 0.35 |0.65))(0.39, 0.22, 0.17, 0.22 |1.99))(0.32, 0.21, 0.32, 0.16 |1.33)(0.32, 0.21, 0.32, 0.16 |1.33)

Generation: 102
Best Individual:
Subpopulation 0:
Evaluated: true
Fitness: Standardized=4.287347345645513E-10 Adjusted=0.9999999995712652 Hits=319
Tree 0:
y + (y * (x + (x / x)(0.17, 0.22, 0.26, 0.35 |0.65))(0.39, 0.22, 0.17, 0.22 |1.99))(0.32, 0.21, 0.32, 0.16 |1.33)(0.32, 0.21, 0.32, 0.16 |1.33)

Generation: 103
Best Individual:
Subpopulation 0:
Evaluated: true
Fitness: Standardized=4.287347345645513E-10 Adjusted=0.9999999995712652 Hits=319
Tree 0:
y + (y * (x + (x / x)(0.17, 0.22, 0.26, 0.35 |0.65))(0.39, 0.22, 0.17, 0.22 |1.99))(0.32, 0.21, 0.32, 0.16 |1.33)(0.32, 0.21, 0.32, 0.16 |1.33)

Generation: 104
Best Individual:
Subpopulation 0:
Evaluated: true
Fitness: Standardized=4.287347345645513E-10 Adjusted=0.9999999995712652 Hits=319
Tree 0:
y + (y * (x + (x / x)(0.17, 0.22, 0.26, 0.35 |0.65))(0.39, 0.22, 0.17, 0.22 |1.99))(0.32, 0.21, 0.32, 0.16 |1.33)(0.32, 0.21, 0.32, 0.16 |1.33)

Generation: 105
Best Individual:
Subpopulation 0:
Evaluated: true
Fitness: Standardized=4.287347345645513E-10 Adjusted=0.9999999995712652 Hits=319
Tree 0:
y + (y * (x + (x / x)(0.17, 0.22, 0.26, 0.35 |0.65))(0.39, 0.22, 0.17, 0.22 |1.99))(0.32, 0.21, 0.32, 0.16 |1.33)(0.32, 0.21, 0.32, 0.16 |1.33)

Generation: 106
Best Individual:
Subpopulation 0:
Evaluated: true
Fitness: Standardized=4.287347345645513E-10 Adjusted=0.9999999995712652 Hits=319
Tree 0:
y + (y * (x + (x / x)(0.17, 0.22, 0.26, 0.35 |0.65))(0.39, 0.22, 0.17, 0.22 |1.99))(0.32, 0.21, 0.32, 0.16 |1.33)(0.32, 0.21, 0.32, 0.16 |1.33)

Generation: 107
Best Individual:
Subpopulation 0:
Evaluated: true
Fitness: Standardized=4.287347345645513E-10 Adjusted=0.9999999995712652 Hits=319
Tree 0:
y + (y * (x + (x / x)(0.17, 0.22, 0.26, 0.35 |0.65))(0.39, 0.22, 0.17, 0.22 |1.99))(0.32, 0.21, 0.32, 0.16 |1.33)(0.32, 0.21, 0.32, 0.16 |1.33)

Generation: 108
Best Individual:
Subpopulation 0:
Evaluated: true
Fitness: Standardized=4.287347345645513E-10 Adjusted=0.9999999995712652 Hits=319
Tree 0:
y + (y * (x + (x / x)(0.17, 0.22, 0.26, 0.35 |0.65))(0.39, 0.22, 0.17, 0.22 |1.99))(0.32, 0.21, 0.32, 0.16 |1.33)(0.32, 0.21, 0.32, 0.16 |1.33)

Generation: 109
Best Individual:
Subpopulation 0:
Evaluated: true
Fitness: Standardized=4.287347345645513E-10 Adjusted=0.9999999995712652 Hits=319
Tree 0:
y + (y * (x + (x / x)(0.17, 0.22, 0.26, 0.35 |0.65))(0.39, 0.22, 0.17, 0.22 |1.99))(0.32, 0.21, 0.32, 0.16 |1.33)(0.32, 0.21, 0.32, 0.16 |1.33)

Generation: 110
Best Individual:
Subpopulation 0:
Evaluated: true
Fitness: Standardized=4.287347345645513E-10 Adjusted=0.9999999995712652 Hits=319
Tree 0:
y + (y * (x + (x / x)(0.17, 0.22, 0.26, 0.35 |0.65))(0.39, 0.22, 0.17, 0.22 |1.99))(0.32, 0.21, 0.32, 0.16 |1.33)(0.32, 0.21, 0.32, 0.16 |1.33)

Generation: 111
Best Individual:
Subpopulation 0:
Evaluated: true
Fitness: Standardized=4.287347345645513E-10 Adjusted=0.9999999995712652 Hits=319
Tree 0:
y + (y * (x + (x / x)(0.17, 0.22, 0.26, 0.35 |0.65))(0.39, 0.22, 0.17, 0.22 |1.99))(0.32, 0.21, 0.32, 0.16 |1.33)(0.32, 0.21, 0.32, 0.16 |1.33)

Generation: 112
Best Individual:
Subpopulation 0:
Evaluated: true
Fitness: Standardized=4.287347345645513E-10 Adjusted=0.9999999995712652 Hits=319
Tree 0:
y + (y * (x + (x / x)(0.17, 0.22, 0.26, 0.35 |0.65))(0.39, 0.22, 0.17, 0.22 |1.99))(0.32, 0.21, 0.32, 0.16 |1.33)(0.32, 0.21, 0.32, 0.16 |1.33)

Generation: 113
Best Individual:
Subpopulation 0:
Evaluated: true
Fitness: Standardized=4.287347345645513E-10 Adjusted=0.9999999995712652 Hits=319
Tree 0:
y + (y * (x + (x / x)(0.17, 0.22, 0.26, 0.35 |0.65))(0.39, 0.22, 0.17, 0.22 |1.99))(0.32, 0.21, 0.32, 0.16 |1.33)(0.32, 0.21, 0.32, 0.16 |1.33)

Generation: 114
Best Individual:
Subpopulation 0:
Evaluated: true
Fitness: Standardized=4.287347345645513E-10 Adjusted=0.9999999995712652 Hits=319
Tree 0:
y + (y * (x + (x / x)(0.17, 0.22, 0.26, 0.35 |0.65))(0.39, 0.22, 0.17, 0.22 |1.99))(0.32, 0.21, 0.32, 0.16 |1.33)(0.32, 0.21, 0.32, 0.16 |1.33)

Generation: 115
Best Individual:
Subpopulation 0:
Evaluated: true
Fitness: Standardized=4.287347345645513E-10 Adjusted=0.9999999995712652 Hits=319
Tree 0:
y + (y * (x + (x / x)(0.17, 0.22, 0.26, 0.35 |0.65))(0.39, 0.22, 0.17, 0.22 |1.99))(0.32, 0.21, 0.32, 0.16 |1.33)(0.32, 0.21, 0.32, 0.16 |1.33)

Generation: 116
Best Individual:
Subpopulation 0:
Evaluated: true
Fitness: Standardized=4.287347345645513E-10 Adjusted=0.9999999995712652 Hits=319
Tree 0:
y + (y * (x + (x / x)(0.17, 0.22, 0.26, 0.35 |0.65))(0.39, 0.22, 0.17, 0.22 |1.99))(0.32, 0.21, 0.32, 0.16 |1.33)(0.32, 0.21, 0.32, 0.16 |1.33)

Generation: 117
Best Individual:
Subpopulation 0:
Evaluated: true
Fitness: Standardized=4.287347345645513E-10 Adjusted=0.9999999995712652 Hits=319
Tree 0:
y + (y * (x + (x / x)(0.17, 0.22, 0.26, 0.35 |0.65))(0.39, 0.22, 0.17, 0.22 |1.99))(0.32, 0.21, 0.32, 0.16 |1.33)(0.32, 0.21, 0.32, 0.16 |1.33)

Generation: 118
Best Individual:
Subpopulation 0:
Evaluated: true
Fitness: Standardized=4.287347345645513E-10 Adjusted=0.9999999995712652 Hits=319
Tree 0:
y + (y * (x + (x / x)(0.17, 0.22, 0.26, 0.35 |0.65))(0.39, 0.22, 0.17, 0.22 |1.99))(0.32, 0.21, 0.32, 0.16 |1.33)(0.32, 0.21, 0.32, 0.16 |1.33)

Generation: 119
Best Individual:
Subpopulation 0:
Evaluated: true
Fitness: Standardized=4.287347345645513E-10 Adjusted=0.9999999995712652 Hits=319
Tree 0:
y + (y * (x + (x / x)(0.17, 0.22, 0.26, 0.35 |0.65))(0.39, 0.22, 0.17, 0.22 |1.99))(0.32, 0.21, 0.32, 0.16 |1.33)(0.32, 0.21, 0.32, 0.16 |1.33)

Generation: 120
Best Individual:
Subpopulation 0:
Evaluated: true
Fitness: Standardized=4.287347345645513E-10 Adjusted=0.9999999995712652 Hits=319
Tree 0:
y + (y * (x + (x / x)(0.17, 0.22, 0.26, 0.35 |0.65))(0.39, 0.22, 0.17, 0.22 |1.99))(0.32, 0.21, 0.32, 0.16 |1.33)(0.32, 0.21, 0.32, 0.16 |1.33)

Generation: 121
Best Individual:
Subpopulation 0:
Evaluated: true
Fitness: Standardized=4.287347345645513E-10 Adjusted=0.9999999995712652 Hits=319
Tree 0:
y + (y * (x + (x / x)(0.17, 0.22, 0.26, 0.35 |0.65))(0.39, 0.22, 0.17, 0.22 |1.99))(0.32, 0.21, 0.32, 0.16 |1.33)(0.32, 0.21, 0.32, 0.16 |1.33)

Generation: 122
Best Individual:
Subpopulation 0:
Evaluated: true
Fitness: Standardized=4.287347345645513E-10 Adjusted=0.9999999995712652 Hits=319
Tree 0:
y + (y * (x + (x / x)(0.17, 0.22, 0.26, 0.35 |0.65))(0.39, 0.22, 0.17, 0.22 |1.99))(0.32, 0.21, 0.32, 0.16 |1.33)(0.32, 0.21, 0.32, 0.16 |1.33)

Generation: 123
Best Individual:
Subpopulation 0:
Evaluated: true
Fitness: Standardized=4.287347345645513E-10 Adjusted=0.9999999995712652 Hits=319
Tree 0:
y + (y * (x + (x / x)(0.17, 0.22, 0.26, 0.35 |0.65))(0.39, 0.22, 0.17, 0.22 |1.99))(0.32, 0.21, 0.32, 0.16 |1.33)(0.32, 0.21, 0.32, 0.16 |1.33)

Generation: 124
Best Individual:
Subpopulation 0:
Evaluated: true
Fitness: Standardized=4.287347345645513E-10 Adjusted=0.9999999995712652 Hits=319
Tree 0:
y + (y * (x + (x / x)(0.17, 0.22, 0.26, 0.35 |0.65))(0.39, 0.22, 0.17, 0.22 |1.99))(0.32, 0.21, 0.32, 0.16 |1.33)(0.32, 0.21, 0.32, 0.16 |1.33)

Generation: 125
Best Individual:
Subpopulation 0:
Evaluated: true
Fitness: Standardized=4.287347345645513E-10 Adjusted=0.9999999995712652 Hits=319
Tree 0:
y + (y * (x + (x / x)(0.17, 0.22, 0.26, 0.35 |0.65))(0.39, 0.22, 0.17, 0.22 |1.99))(0.32, 0.21, 0.32, 0.16 |1.33)(0.32, 0.21, 0.32, 0.16 |1.33)

Generation: 126
Best Individual:
Subpopulation 0:
Evaluated: true
Fitness: Standardized=4.287347345645513E-10 Adjusted=0.9999999995712652 Hits=319
Tree 0:
y + (y * (x + (x / x)(0.17, 0.22, 0.26, 0.35 |0.65))(0.39, 0.22, 0.17, 0.22 |1.99))(0.32, 0.21, 0.32, 0.16 |1.33)(0.32, 0.21, 0.32, 0.16 |1.33)

Generation: 127
Best Individual:
Subpopulation 0:
Evaluated: true
Fitness: Standardized=4.287347345645513E-10 Adjusted=0.9999999995712652 Hits=319
Tree 0:
y + (y * (x + (x / x)(0.17, 0.22, 0.26, 0.35 |0.65))(0.39, 0.22, 0.17, 0.22 |1.99))(0.32, 0.21, 0.32, 0.16 |1.33)(0.32, 0.21, 0.32, 0.16 |1.33)

Generation: 128
Best Individual:
Subpopulation 0:
Evaluated: true
Fitness: Standardized=4.287347345645513E-10 Adjusted=0.9999999995712652 Hits=319
Tree 0:
y + (y * (x + (x / x)(0.17, 0.22, 0.26, 0.35 |0.65))(0.39, 0.22, 0.17, 0.22 |1.99))(0.32, 0.21, 0.32, 0.16 |1.33)(0.32, 0.21, 0.32, 0.16 |1.33)

Generation: 129
Best Individual:
Subpopulation 0:
Evaluated: true
Fitness: Standardized=4.287347345645513E-10 Adjusted=0.9999999995712652 Hits=319
Tree 0:
y + (y * (x + (x / x)(0.17, 0.22, 0.26, 0.35 |0.65))(0.39, 0.22, 0.17, 0.22 |1.99))(0.32, 0.21, 0.32, 0.16 |1.33)(0.32, 0.21, 0.32, 0.16 |1.33)

Generation: 130
Best Individual:
Subpopulation 0:
Evaluated: true
Fitness: Standardized=4.287347345645513E-10 Adjusted=0.9999999995712652 Hits=319
Tree 0:
y + (y * (x + (x / x)(0.17, 0.22, 0.26, 0.35 |0.65))(0.39, 0.22, 0.17, 0.22 |1.99))(0.32, 0.21, 0.32, 0.16 |1.33)(0.32, 0.21, 0.32, 0.16 |1.33)

Generation: 131
Best Individual:
Subpopulation 0:
Evaluated: true
Fitness: Standardized=4.287347345645513E-10 Adjusted=0.9999999995712652 Hits=319
Tree 0:
